./audio/test/libre01_01.flac
(1431, 13)
('libre01', array([-53.67974839, -57.09183462, -54.80648875, -53.6388803 ,
       -55.82074577, -53.41018395, -52.94489837, -47.05585059,
       -55.01486102, -53.69600716, -51.47346087, -53.66985275,
       -52.26392193, -49.52580602, -52.33224476, -55.54354855,
       -52.8906831 , -52.54682766, -56.16639952, -53.38785762,
       -52.5957651 , -50.98424701]))
./audio/test/libre01_02.flac
(276, 13)
('libre01', array([-49.37998142, -54.21840091, -51.68612499, -51.02146252,
       -51.06810298, -53.36155404, -50.50305268, -42.68919692,
       -52.17013948, -50.08055614, -49.26585298, -51.82601826,
       -48.49153894, -47.20981511, -51.77339718, -53.00655606,
       -50.31653325, -52.59842626, -53.48450011, -51.79786957,
       -50.29947653, -49.56338459]))
./audio/test/libre01_03.flac
(424, 13)
('libre01', array([-52.2316063 , -56.76061078, -53.66342943, -52.98644089,
       -54.10157441, -52.76743826, -53.0716759 , -46.45071884,
       -54.72042283, -53.51851051, -50.45656672, -53.68082153,
       -50.90341502, -49.15308468, -52.53368821, -54.92887259,
       -52.01866454, -52.77123853, -55.54167987, -52.54416627,
       -52.27260221, -50.49893233]))
./audio/test/libre01_04.flac
(991, 13)
('libre01', array([-53.86917836, -57.76071775, -54.65471455, -53.62885753,
       -53.87348107, -53.11355193, -52.84981931, -47.01987387,
       -54.75656054, -54.06231135, -51.42500306, -53.5144365 ,
       -52.07140249, -49.12976108, -52.50796235, -55.75603878,
       -52.91510329, -53.15545934, -56.26587201, -53.09214986,
       -52.89363643, -51.57252998]))
./audio/test/libre01_001.flac
(775, 13)
('libre01', array([-53.43161984, -56.12740308, -54.56531123, -53.93154784,
       -56.36019223, -53.19503254, -52.03543625, -47.15459003,
       -52.98998257, -53.33025313, -52.08612818, -52.99893981,
       -53.68155732, -49.69390614, -52.72835162, -54.57273332,
       -52.83766136, -54.94976846, -53.67680527, -53.39859372,
       -52.66252872, -51.77737865]))
./audio/test/sanish_01.wav
(690, 13)
('sanish', array([-60.33660494, -59.6752018 , -58.16948318, -59.7141325 ,
       -68.93013616, -56.17885387, -62.17373401, -62.31807515,
       -48.2690799 , -57.8521993 , -60.9105308 , -55.75413966,
       -64.97905801, -58.02379749, -57.47883812, -57.81677901,
       -62.07932905, -65.2710694 , -65.52163902, -58.20871991,
       -57.35783153, -61.82093214]))
./audio/test/libre01_002.flac
(353, 13)
('libre01', array([-52.98987169, -56.36411338, -54.14118819, -53.39768427,
       -54.11194926, -52.64299018, -52.25469661, -46.29920012,
       -53.0953493 , -53.59295131, -51.13483446, -53.04079564,
       -51.58094752, -49.06168588, -52.16980776, -55.06826329,
       -52.82634304, -54.27555277, -53.76702656, -52.93261809,
       -52.20145079, -50.87777566]))
./audio/test/libre02_01.flac
(2084, 13)
('libre02', array([-54.9171508 , -55.94164543, -54.61418977, -54.98983839,
       -60.45219299, -55.03062841, -54.81178958, -56.42765055,
       -55.44030925, -48.19559671, -55.65212233, -52.97927594,
       -55.95350018, -53.12203992, -54.77626223, -52.7519915 ,
       -56.30369024, -56.16018995, -59.47149424, -53.87020831,
       -52.87193935, -55.58706862]))
./audio/test/libre02_02.flac
(1274, 13)
('libre02', array([-55.32383362, -55.65694296, -54.24869258, -55.64595275,
       -60.24521418, -54.98345886, -54.94090829, -56.81925769,
       -55.41632387, -47.91918466, -55.07177337, -52.65623496,
       -55.51199803, -52.75590852, -53.8827966 , -52.47313773,
       -56.04517798, -56.65663129, -59.0779448 , -54.06210747,
       -52.61552524, -55.35278349]))
./audio/test/libre02_03.flac
(310, 13)
('libre02', array([-55.81531739, -57.78187813, -55.75045582, -56.28790839,
       -60.95360593, -56.10310698, -55.97868931, -57.27336806,
       -56.31027209, -50.17976926, -55.86713992, -53.79741832,
       -57.13138705, -54.78448394, -55.03478682, -53.80538825,
       -55.81138136, -57.9283865 , -58.71016675, -55.48767501,
       -54.48035827, -56.69675716]))
./audio/test/libre02_001.flac
(1242, 13)
('libre02', array([-55.56174274, -56.32123442, -54.7282644 , -54.9536588 ,
       -59.8731941 , -54.59954092, -55.29195103, -56.70055339,
       -55.49951464, -47.66100017, -56.01683331, -53.05431261,
       -55.72037613, -53.06552201, -54.31956539, -53.00405854,
       -56.64681888, -56.27679913, -60.37350421, -53.81037284,
       -53.06590449, -55.74283681]))
./audio/test/libre02_002.flac
(4052, 13)
('libre02', array([-54.84104937, -56.48273121, -54.03597217, -55.06022444,
       -59.68590567, -54.8847485 , -55.55540152, -56.35885129,
       -55.13067146, -48.10583877, -55.63726541, -52.79630642,
       -55.65579654, -53.11914895, -54.41475269, -52.75937024,
       -56.40441057, -56.03578869, -60.31814559, -54.25418953,
       -53.06717255, -55.48918864]))
./audio/test/libre03_01.flac
(890, 13)
('libre03', array([-52.24837691, -55.29026636, -52.00585189, -54.88007808,
       -56.92477411, -55.05806487, -55.51479128, -53.30101261,
       -56.52400604, -53.29905219, -46.33509846, -53.54723786,
       -50.04143291, -51.36148163, -51.33350225, -55.09312557,
       -52.04053826, -53.0132171 , -54.01371483, -54.66989407,
       -52.28515054, -50.18603068]))
./audio/test/libre03_02.flac
(418, 13)
('libre03', array([-53.10295823, -53.23016834, -50.92933859, -51.03452539,
       -53.79747949, -54.61409948, -53.74537483, -52.95892713,
       -54.88811133, -51.15724094, -42.80148649, -51.67960569,
       -47.65667871, -48.89718709, -49.40654207, -51.56733549,
       -50.0134135 , -53.60000457, -53.39174661, -52.65975128,
       -49.52991932, -48.65776391]))
./audio/test/libre03_03.flac
(402, 13)
('libre03', array([-53.84731581, -56.10982294, -52.59411734, -56.62232774,
       -61.4985478 , -55.66996482, -57.20531651, -54.95413362,
       -59.71098178, -55.612542  , -46.087754  , -56.09024446,
       -50.876404  , -52.10738808, -53.08407038, -57.55048712,
       -52.65292558, -54.64830342, -56.48794735, -55.98536292,
       -54.33112335, -50.7733051 ]))
./audio/test/libre03_04.flac
(654, 13)
('libre03', array([-51.95912755, -55.5269881 , -52.32992982, -54.328228  ,
       -57.41539499, -54.64786585, -54.11855304, -52.18019351,
       -56.82047241, -53.41801092, -47.82251794, -53.62273195,
       -50.64676114, -50.32693314, -51.57593733, -55.17860435,
       -51.50870299, -52.29025383, -55.06865123, -53.86200892,
       -52.65050604, -50.09487999]))
./audio/test/libre03_05.flac
(844, 13)
('libre03', array([-51.27939019, -54.60276938, -51.12382772, -53.59333115,
       -54.50413189, -54.16456335, -53.68238326, -52.02173045,
       -55.21900299, -52.30452869, -46.3800447 , -52.44174478,
       -49.58177437, -50.12088809, -50.57023029, -53.88047073,
       -51.5772325 , -52.34900571, -53.26262423, -53.29446393,
       -51.08974321, -49.66057236]))
./audio/test/libre03_06.flac
(883, 13)
('libre03', array([-53.4576858 , -56.27829698, -53.12149486, -55.99941854,
       -58.65992761, -54.96993629, -55.08347798, -53.7414105 ,
       -57.69354124, -54.60546922, -47.62709669, -54.27462368,
       -51.87962123, -51.70847049, -52.11171987, -56.13088364,
       -52.16471205, -54.27067126, -55.26058561, -54.92016371,
       -53.59974983, -51.27413542]))
./audio/test/libre03_07.flac
(828, 13)
('libre03', array([-51.72941802, -55.15214054, -51.64632178, -53.96474825,
       -56.23161472, -54.79152587, -54.18097158, -52.74451694,
       -56.98423934, -53.32885207, -46.60562678, -53.52920254,
       -50.2139073 , -50.37463451, -51.23384327, -54.64535861,
       -51.62667591, -52.47708201, -55.37305429, -53.50208804,
       -52.29426262, -50.14140368]))
./audio/test/libre04_01.flac
(989, 13)
('libre04', array([-56.17194788, -55.09129826, -54.95475351, -56.41367089,
       -61.14802762, -54.37434965, -56.26509292, -57.51550133,
       -55.72123456, -54.11265689, -56.46853706, -48.35096403,
       -57.08088563, -54.90076676, -51.70360067, -52.50740378,
       -55.63840221, -59.55084706, -57.97563534, -53.03582764,
       -53.19861778, -56.96090369]))
./audio/test/libre04_02.flac
(352, 13)
('libre04', array([-56.54091296, -55.26737207, -53.04651781, -57.60450847,
       -58.43784315, -54.03804079, -55.52890585, -54.47875393,
       -54.72391115, -54.28802732, -56.27866003, -45.52376582,
       -57.64226247, -54.99300597, -48.55964013, -52.63903641,
       -55.35069598, -60.59246147, -60.41452071, -54.29924823,
       -53.51860189, -57.01801145]))
./audio/test/libre04_03.flac
(2143, 13)
('libre04', array([-56.88678312, -55.61228147, -54.59788123, -57.09956285,
       -62.70161207, -55.32965333, -56.91504439, -59.77098714,
       -56.41244225, -55.10458573, -57.17420169, -48.90947646,
       -58.11679478, -55.16445737, -52.84167958, -53.11228702,
       -56.54038984, -60.43965593, -61.46856148, -53.48619315,
       -53.64350821, -57.86283647]))
./audio/test/libre04_04.flac
(1257, 13)
('libre04', array([-55.904744  , -55.61093645, -54.41761183, -55.98408692,
       -59.96507966, -54.75778897, -55.84544814, -55.69788693,
       -55.1042668 , -53.03520253, -55.96174554, -47.55869583,
       -57.21522087, -54.05297688, -50.79601393, -51.76389548,
       -55.11292018, -58.62394096, -58.42693169, -53.11117182,
       -52.9092541 , -56.19814985]))
./audio/test/libre04_05.flac
(1951, 13)
('libre04', array([-56.32477281, -55.02107531, -54.21817922, -56.50558943,
       -62.27638042, -54.44151264, -56.80907658, -59.29412182,
       -56.43961781, -55.50930538, -56.64560195, -48.52981185,
       -57.64073664, -55.32268105, -52.44235324, -53.4993547 ,
       -56.72381247, -60.22294466, -60.9895576 , -53.19321464,
       -53.0664624 , -57.42537098]))
./audio/test/libre04_06.flac
(894, 13)
('libre04', array([-54.56251836, -54.54907088, -52.07346992, -54.4920165 ,
       -59.46093306, -53.35158333, -55.28340517, -56.80203653,
       -53.01671526, -53.53600075, -55.12582945, -46.66251313,
       -56.00479291, -53.84324558, -49.83655717, -51.41969113,
       -55.32303691, -58.38514907, -60.25782599, -52.63850228,
       -51.56807193, -54.99367168]))
./audio/test/libre04_07.flac
(424, 13)
('libre04', array([-56.99927015, -56.67234721, -55.0742351 , -54.91715907,
       -60.09562249, -54.89844318, -52.729544  , -50.31512135,
       -53.76441012, -51.58046558, -55.65166988, -42.87739706,
       -58.35184153, -52.4618937 , -45.09795845, -49.2136006 ,
       -53.66086813, -60.29087503, -54.19090143, -52.09446642,
       -53.68862445, -54.82388326]))
./audio/test/libre04_08.flac
(656, 13)
('libre04', array([-55.83644352, -54.51475305, -53.46202308, -55.10084893,
       -60.77467067, -53.85296108, -55.79599622, -56.75355991,
       -55.22899188, -53.76548048, -56.48170585, -47.24648534,
       -57.07690185, -54.22738008, -51.84424565, -52.31473666,
       -55.36989098, -58.84219243, -60.21734724, -52.66940607,
       -52.80738568, -56.5511924 ]))
./audio/test/libre08_01.flac
(960, 13)
('libre08', array([-55.05137666, -56.0710716 , -53.75359311, -55.3816855 ,
       -59.45832834, -55.12519298, -54.90984292, -58.66116365,
       -55.34893349, -53.1435589 , -56.53786464, -50.64817699,
       -57.78142406, -54.28293674, -53.39446259, -47.61817169,
       -54.74745569, -60.08015131, -59.67430578, -51.27235208,
       -53.02180754, -58.68836449]))
./audio/test/libre08_02.flac
(448, 13)
('libre08', array([-55.40116167, -56.31501598, -54.56092469, -52.96316455,
       -58.56217097, -54.72811854, -50.70768089, -58.70976705,
       -53.64398171, -50.89232871, -55.76411901, -47.79112507,
       -58.79460769, -52.55822109, -48.03230883, -42.19957054,
       -51.37929816, -61.33314392, -54.17228714, -48.01615657,
       -53.14946174, -57.14644165]))
./audio/test/libre08_03.flac
(1134, 13)
('libre08', array([-55.57607852, -56.96518107, -54.4535671 , -55.2097256 ,
       -58.56693525, -54.72180784, -53.81973094, -58.34997976,
       -54.74073434, -51.67505321, -56.50190329, -49.74132841,
       -58.05645392, -53.42525055, -51.61076786, -45.59648275,
       -53.55911847, -59.79592492, -57.96764549, -50.46940037,
       -52.16769431, -58.05099219]))
./audio/test/libre08_04.flac
(742, 13)
('libre08', array([-55.93727559, -55.92515655, -54.79438915, -57.15739746,
       -59.06377835, -55.37668986, -54.37755278, -60.36465835,
       -55.66059967, -51.97793212, -57.27475497, -50.97823008,
       -58.54160243, -55.40677938, -54.3437437 , -47.51143726,
       -54.5864156 , -61.59142321, -58.52344949, -52.73145643,
       -54.23149874, -60.12140057]))
./audio/test/libre08_05.flac
(1582, 13)
('libre08', array([-54.21145291, -55.41066162, -53.42309562, -54.69492772,
       -57.46296557, -54.55548647, -53.50941571, -56.49732439,
       -54.10372588, -50.85479084, -54.96336742, -50.1456223 ,
       -56.24297723, -52.24461995, -52.33140263, -47.22087435,
       -53.19095591, -57.76550049, -57.69113696, -51.15642458,
       -51.27157735, -56.43373926]))
./audio/test/libre09_01.flac
(631, 13)
('libre09', array([-54.90436751, -56.67040522, -54.29947498, -53.54529533,
       -58.0053487 , -55.24949676, -53.46733907, -55.90842182,
       -56.72756277, -53.669926  , -53.6928689 , -53.29073062,
       -54.53588523, -53.36680687, -52.91730377, -53.35597904,
       -47.3775275 , -56.35697253, -54.44922558, -51.78630936,
       -54.38239113, -54.36650635]))
./audio/test/libre09_02.flac
(377, 13)
('libre09', array([-55.7332293 , -56.58396746, -54.65827661, -53.68197723,
       -59.36901264, -55.34093277, -55.23406443, -56.80667019,
       -56.94487513, -54.58877056, -54.32532114, -54.56189768,
       -55.30842685, -53.023169  , -53.8228296 , -54.81448206,
       -48.7904999 , -58.07305993, -55.03716789, -51.91319308,
       -55.07776472, -55.07397689]))
./audio/test/libre09_03.flac
(1027, 13)
('libre09', array([-57.19196352, -56.93355019, -55.35932688, -55.34495422,
       -62.59870215, -56.84176899, -58.3447766 , -60.55702978,
       -57.10916649, -56.93335929, -55.11865448, -54.74810615,
       -57.5168996 , -56.52266974, -54.28235293, -54.47566713,
       -49.17258293, -59.10301238, -59.09640799, -53.55740064,
       -55.78363743, -57.96790995]))
./audio/test/libre09_04.flac
(501, 13)
('libre09', array([-55.67336243, -57.6104681 , -55.744529  , -53.85425629,
       -58.26337605, -55.14598157, -53.56314672, -57.78380627,
       -56.79624847, -54.03437147, -54.81852466, -53.71956464,
       -55.78707763, -54.25999079, -53.98145618, -52.97550905,
       -47.35978686, -58.58914641, -54.46207337, -51.67569176,
       -54.73112334, -56.13617121]))
./audio/test/libre09_05.flac
(1875, 13)
('libre09', array([-56.14327211, -57.41368778, -55.48971426, -55.18249585,
       -58.34266169, -55.01848748, -53.76447976, -56.95323789,
       -56.8613987 , -54.34065113, -54.2056282 , -53.81506482,
       -55.27911088, -54.13937532, -53.85997382, -54.19552675,
       -48.6092863 , -58.61744803, -54.67601215, -52.77562398,
       -55.07513755, -55.86944941]))
./audio/test/libre09_06.flac
(750, 13)
('libre09', array([-55.94941135, -56.83913743, -54.50500066, -54.2937164 ,
       -57.4292571 , -55.39604764, -53.93565767, -55.95200343,
       -57.02806621, -54.24503004, -53.93166496, -53.80215955,
       -54.788352  , -53.86528241, -53.59434795, -54.52710176,
       -48.44681932, -57.10138728, -54.98932437, -53.09120307,
       -54.80038621, -55.07165066]))
./audio/test/libre09_07.flac
(1120, 13)
('libre09', array([-56.64948218, -58.42656949, -56.30116499, -56.02635357,
       -59.31291483, -55.53569925, -55.34524822, -57.2864857 ,
       -57.41184484, -54.94846549, -54.34163679, -54.53111883,
       -55.8985687 , -54.27119981, -53.85752094, -54.59118789,
       -48.554503  , -58.64515373, -56.174285  , -53.2505922 ,
       -55.75172533, -56.11524154]))
./audio/test/libre10_01.flac
(1565, 13)
('libre10', array([-53.13326484, -56.96026864, -55.03581906, -56.03414966,
       -65.60001956, -58.353101  , -58.55613184, -55.26262669,
       -61.58418891, -55.87231016, -52.97430847, -56.07755604,
       -55.92244428, -52.85420903, -53.15447509, -57.27681319,
       -55.66760877, -48.44774813, -61.63128619, -56.37763069,
       -54.41003984, -51.94980141]))
./audio/test/libre10_02.flac
(2269, 13)
('libre10', array([-53.59211685, -57.86617906, -55.67525858, -55.49689292,
       -63.97353679, -57.50771367, -57.92919943, -53.77952556,
       -61.33716173, -55.55125969, -52.70519481, -56.23420811,
       -55.06368686, -52.14657747, -53.42300747, -57.64839413,
       -54.89480823, -47.887427  , -61.5935807 , -55.50781987,
       -54.33602197, -51.21242888]))
./audio/test/libre10_03.flac
(2139, 13)
('libre10', array([-53.19723151, -57.50076502, -55.14770026, -56.1271342 ,
       -64.97490129, -58.22976399, -58.22980786, -54.49006974,
       -61.42574228, -55.3606331 , -53.08501685, -56.01386005,
       -55.78321493, -52.313858  , -53.38591664, -57.33233143,
       -55.42351506, -48.22252148, -62.43310168, -56.34281872,
       -54.40698313, -51.80453096]))
./audio/test/libre10_04.flac
(1993, 13)
('libre10', array([-53.23163556, -57.86239682, -55.85422289, -56.74796902,
       -65.18790729, -58.77526419, -58.26042484, -55.06993885,
       -62.61344767, -56.26983395, -52.94534841, -57.11245509,
       -56.00207565, -52.89354631, -54.01115148, -58.61842222,
       -55.60824125, -48.08379506, -63.09608728, -57.00567507,
       -55.74146895, -52.30905998]))
./audio/test/libre11_01.flac
(1971, 13)
('libre11', array([-55.52334459, -57.22989021, -56.26986263, -57.89992903,
       -59.28881423, -54.30971532, -53.84901959, -56.98368932,
       -56.35413504, -53.31077122, -53.19293569, -53.00055505,
       -55.55659976, -54.04442536, -53.08013181, -53.84059843,
       -52.75576636, -60.15620912, -46.85354512, -54.05859893,
       -54.60156508, -55.61559318]))
./audio/test/libre11_02.flac
(453, 13)
('libre11', array([-56.55265505, -58.03310435, -57.12887367, -59.48144061,
       -59.28467045, -54.26139278, -53.75721012, -59.30285487,
       -56.42219266, -53.05102919, -54.75160604, -53.0691688 ,
       -57.12841254, -55.64290174, -54.40434277, -53.91379769,
       -52.85177803, -63.94173932, -45.74835423, -54.17340348,
       -56.03579053, -58.16204349]))
./audio/test/libre11_03.flac
(700, 13)
('libre11', array([-55.08567621, -56.77074428, -55.51431492, -56.61931093,
       -57.9117634 , -53.88567797, -52.89324154, -56.35636768,
       -55.68569285, -52.95854913, -53.10141926, -52.63844218,
       -55.29164435, -53.66307669, -52.70526032, -53.25994572,
       -51.96187137, -59.7534419 , -46.28149868, -53.30825715,
       -54.16421801, -55.03498756]))
./audio/test/libre11_04.flac
(521, 13)
('libre11', array([-56.13147716, -58.03980146, -56.85272261, -57.81789549,
       -58.36825668, -54.31047589, -52.72561661, -57.95666378,
       -55.36462724, -52.94034193, -54.37880066, -52.52564149,
       -56.55317696, -54.28882942, -53.90172757, -53.25921586,
       -51.71870484, -62.64250029, -45.83820882, -53.26910292,
       -54.81488143, -56.76784704]))
./audio/test/libre11_05.flac
(1475, 13)
('libre11', array([-55.83257674, -57.78141164, -56.51742263, -58.10885788,
       -58.18641728, -54.16294173, -53.59066817, -57.12273993,
       -55.70541917, -53.18645525, -53.84659082, -52.84686248,
       -55.94997215, -53.86992588, -53.39248109, -53.76888496,
       -52.12761873, -61.18490301, -46.33508683, -53.43932867,
       -54.63809416, -56.1538467 ]))
./audio/test/libre11_06.flac
(1402, 13)
('libre11', array([-55.30740543, -57.12852439, -55.90327527, -57.44591501,
       -57.48727182, -53.61667194, -53.40762325, -56.43765001,
       -55.76450357, -53.26990931, -53.29078957, -52.92203889,
       -55.11159521, -53.88275584, -53.30467982, -53.96151012,
       -52.60752809, -60.05861981, -47.25297644, -53.20521717,
       -54.51849342, -55.63151298]))
./audio/test/libre11_07.flac
(2139, 13)
('libre11', array([-55.34047754, -56.85009567, -56.01302597, -57.3117205 ,
       -58.06352271, -53.7769725 , -52.91423798, -56.71533434,
       -55.4395617 , -52.85472144, -53.20781732, -52.3395118 ,
       -55.59057125, -53.47844424, -52.53490457, -53.23770324,
       -51.58020739, -60.39188299, -46.18243501, -52.92585772,
       -54.07507272, -55.45966377]))
./audio/test/libre05_01.flac
(1394, 13)
('libre05', array([-53.31763867, -55.28322787, -52.89650541, -53.84990943,
       -57.86641821, -53.90272669, -55.74525864, -53.52937577,
       -57.61765307, -53.72893752, -50.34153495, -53.73847962,
       -46.58625972, -51.67687952, -51.00110296, -55.97299595,
       -51.7699008 , -52.45529154, -57.22902041, -53.57025192,
       -52.06187071, -50.30444086]))
./audio/test/libre05_02.flac
(1299, 13)
('libre05', array([-53.99519254, -56.33828406, -53.76237215, -54.53746565,
       -59.32679475, -54.08316331, -56.3854688 , -53.81465341,
       -57.97646375, -54.9642269 , -50.63135559, -54.38274245,
       -47.45697757, -52.20115758, -51.478141  , -55.94174568,
       -50.92937966, -53.61089582, -57.87939262, -53.57854858,
       -53.32599956, -50.51574021]))
./audio/test/libre05_03.flac
(1122, 13)
('libre05', array([-53.19333224, -56.28180775, -53.23612422, -53.81756684,
       -56.93862805, -53.39839679, -55.46224567, -53.24595373,
       -57.7883004 , -54.76976703, -50.54122646, -53.51347785,
       -47.32504347, -51.81356208, -51.0992377 , -55.64108513,
       -50.98498943, -53.23574163, -56.83652002, -52.66801315,
       -52.8225024 , -50.56632785]))
./audio/test/libre05_04.flac
(467, 13)
('libre05', array([-53.4409268 , -57.18122213, -53.38483615, -54.68186785,
       -56.95489611, -54.20374327, -56.13930752, -52.84437679,
       -58.21890334, -55.02243374, -50.60912935, -54.07032041,
       -47.51720943, -51.89828423, -51.57179774, -56.15097792,
       -51.96599894, -53.23815804, -58.33646424, -53.90780088,
       -53.07195563, -51.22602919]))
./audio/test/libre05_05.flac
(822, 13)
('libre05', array([-53.64352803, -55.37551014, -52.98431341, -54.92711421,
       -57.73160272, -54.84694828, -55.88731464, -54.67172444,
       -57.51633244, -53.20405576, -51.05657653, -53.18903618,
       -47.42141879, -53.13147557, -51.52693718, -55.13597784,
       -51.75060155, -55.43140158, -56.81449598, -53.40306238,
       -52.40576315, -52.15433479]))
./audio/test/libre12_01.flac
(1698, 13)
('libre12', array([-57.79093323, -59.22634789, -56.03612688, -57.55019361,
       -60.5622025 , -55.05347122, -57.61353741, -59.64229395,
       -58.04430815, -56.06421386, -58.04863742, -54.06810421,
       -59.35253776, -56.16486952, -56.50908664, -54.78969667,
       -55.95038988, -60.56245334, -62.51933048, -50.12075959,
       -56.18873064, -59.45807584]))
./audio/test/libre12_02.flac
(1391, 13)
('libre12', array([-55.84828947, -57.11426062, -54.73702416, -56.06968379,
       -58.13682539, -53.96301458, -54.35560127, -57.41781035,
       -56.99793999, -53.82358474, -56.61836584, -53.08465094,
       -57.41476731, -53.73773039, -55.12097816, -52.81321287,
       -54.37568479, -59.04506765, -59.23677997, -49.15288906,
       -54.1051519 , -57.78866348]))
./audio/test/libre12_03.flac
(309, 13)
('libre12', array([-57.32331676, -58.1553153 , -55.18019641, -57.13451443,
       -60.49615117, -55.08470356, -56.6220166 , -58.58478089,
       -57.89522216, -55.78460716, -56.521932  , -53.29432371,
       -58.04145162, -54.60789521, -54.5363003 , -53.91883431,
       -54.10481151, -59.73584111, -59.45315548, -49.43242497,
       -55.15250691, -57.64095538]))
./audio/test/libre12_04.flac
(1179, 13)
('libre12', array([-56.63293944, -57.85535235, -55.09857588, -56.26722988,
       -60.0951071 , -54.59886081, -55.49911816, -58.39437225,
       -56.78066262, -55.48831539, -56.95894258, -53.1468987 ,
       -58.52878908, -53.87902598, -55.14091916, -53.29300061,
       -54.0947307 , -60.090388  , -59.52724651, -49.03200987,
       -54.2192342 , -58.19925525]))
./audio/test/libre12_05.flac
(470, 13)
('libre12', array([-56.68281397, -56.33363961, -55.26754392, -55.94687598,
       -60.46288445, -54.88241977, -55.08430519, -59.16788349,
       -56.59037246, -55.07133368, -57.54539557, -52.42601678,
       -58.69358847, -54.67300404, -55.80827239, -52.59638424,
       -54.46213751, -60.98113333, -59.53361793, -48.65493947,
       -54.61462286, -59.35599582]))
./audio/test/libre12_06.flac
(334, 13)
('libre12', array([-55.9388    , -57.55350777, -55.66580146, -55.77508821,
       -59.558223  , -54.5923852 , -53.98958684, -59.34618459,
       -55.89585424, -54.48992308, -57.12321655, -52.16278023,
       -59.32466308, -54.21478815, -55.54445027, -52.03868577,
       -53.34426709, -61.49470903, -57.73809734, -48.8183922 ,
       -54.68215786, -58.85019615]))
./audio/test/libre12_07.flac
(543, 13)
('libre12', array([-58.2385347 , -60.494332  , -56.24971588, -57.33181126,
       -57.2751043 , -54.4411199 , -56.45954653, -58.9303992 ,
       -57.20424986, -54.94126263, -58.91965614, -54.46708387,
       -59.00974908, -55.25265987, -56.33140305, -55.755975  ,
       -55.46410806, -60.65862357, -60.58213884, -50.6049641 ,
       -55.89041285, -59.90713297]))
./audio/test/libre12_08.flac
(441, 13)
('libre12', array([-56.97113199, -57.63200265, -56.36915611, -56.22900596,
       -61.94172267, -54.97007411, -54.69936951, -58.48119376,
       -55.48021667, -54.48194794, -57.56283374, -53.52994576,
       -59.41109426, -53.70355357, -54.69948767, -52.29177313,
       -54.14997886, -60.22398593, -59.02312012, -47.54879778,
       -54.6129994 , -58.26166996]))
./audio/test/libre12_09.flac
(1261, 13)
('libre12', array([-58.13889407, -59.22871077, -56.16187556, -57.04619371,
       -60.71020974, -54.72275704, -56.23936136, -59.90910008,
       -57.16627572, -56.0554628 , -58.35154773, -53.76595914,
       -59.54978118, -55.20268102, -56.05697076, -53.8478151 ,
       -54.80503376, -61.49165912, -60.43170378, -48.5275365 ,
       -55.56021678, -59.7395869 ]))
./audio/test/libre13_01.flac
(1601, 13)
('libre13', array([-53.06065285, -55.19480797, -53.3240667 , -53.12463819,
       -56.49338708, -54.38657088, -55.77941033, -54.23884019,
       -54.68387638, -52.37108021, -53.26396884, -50.97803195,
       -53.44903717, -51.35203327, -51.5121562 , -52.18644602,
       -53.34934427, -53.86776807, -57.58564471, -51.85662854,
       -48.23625828, -53.29822629]))
./audio/test/libre13_02.flac
(382, 13)
('libre13', array([-52.28149255, -52.59814134, -50.84059924, -51.66434002,
       -53.26432615, -52.39581583, -53.57232651, -53.50148286,
       -53.65682393, -50.35026918, -51.50936843, -50.45160614,
       -50.11528113, -48.61665714, -50.6968558 , -51.38623247,
       -52.50553108, -53.63237459, -55.07603043, -51.14655191,
       -45.37742417, -50.94823941]))
./audio/test/libre13_03.flac
(2525, 13)
('libre13', array([-54.21916544, -55.99250394, -53.65871527, -54.09774233,
       -57.56894404, -54.47048398, -56.73391427, -55.16592791,
       -54.87455996, -52.63319032, -53.90021248, -51.20867805,
       -54.35969337, -51.47018735, -51.7275255 , -52.14775821,
       -54.03743599, -54.57837225, -58.58492536, -52.54675567,
       -47.79704053, -53.79662543]))
./audio/test/libre13_04.flac
(1029, 13)
('libre13', array([-52.82631937, -53.29029565, -50.91706692, -51.53473605,
       -53.50901415, -52.29937478, -53.78693207, -53.39447036,
       -53.03586403, -50.02489421, -51.75381619, -50.17290859,
       -51.06186629, -48.83051126, -50.14138549, -49.77113924,
       -51.54819157, -53.74026866, -54.74101248, -50.59523384,
       -45.68898384, -51.42452473]))
./audio/test/libre13_05.flac
(931, 13)
('libre13', array([-52.13924087, -53.47359051, -51.43982875, -51.71057594,
       -56.92867082, -53.43120139, -54.0509517 , -54.35906154,
       -54.06769639, -51.52666576, -51.87642325, -50.41583861,
       -52.21364187, -49.77774057, -50.72940672, -51.3235923 ,
       -53.24733128, -53.54869163, -56.39031982, -51.69928074,
       -46.88588844, -51.94984893]))
./audio/test/libre06_01.flac
(295, 13)
('libre06', array([-54.98019956, -55.90816273, -53.97995885, -55.46362151,
       -59.04273671, -53.43702793, -52.84711792, -53.76607881,
       -55.17744954, -53.31919855, -54.27019513, -53.19878844,
       -55.51819793, -48.02990162, -53.53386297, -54.93347916,
       -54.52531736, -56.99794108, -55.99690752, -52.54983127,
       -52.3016695 , -54.20585826]))
./audio/test/libre06_02.flac
(1013, 13)
('libre06', array([-54.62192584, -57.00183919, -54.53668639, -54.68682519,
       -59.47833517, -54.17475886, -53.53738435, -51.98624543,
       -55.70967396, -53.54523374, -53.28531686, -53.27975122,
       -54.79781248, -48.71293107, -53.38507544, -55.30153632,
       -54.36835502, -53.77544625, -57.20282128, -52.92871409,
       -52.57089979, -52.51051881]))
./audio/test/libre06_03.flac
(823, 13)
('libre06', array([-54.98423584, -57.66795495, -54.60179195, -55.8236608 ,
       -58.31633233, -54.22143332, -53.90722134, -51.69559485,
       -55.8443932 , -54.02320863, -52.79528911, -53.88439204,
       -54.90114236, -48.84946761, -53.11541071, -55.81691111,
       -53.76347823, -54.33454847, -57.67168673, -52.921867  ,
       -53.35779115, -52.2317276 ]))
./audio/test/libre06_04.flac
(604, 13)
('libre06', array([-54.90251222, -56.24367158, -53.41996129, -54.37098292,
       -59.48894586, -53.93649542, -52.13628762, -52.53059933,
       -55.24138717, -52.44011232, -53.26678533, -52.98258072,
       -54.93726026, -47.82862921, -53.13450769, -54.14175177,
       -53.6777285 , -54.75355925, -57.00383223, -52.04300826,
       -51.95609855, -52.4972134 ]))
./audio/test/libre07_01.flac
(1265, 13)
('libre07', array([-56.98457375, -57.26516008, -54.74937486, -56.43684411,
       -62.83001174, -55.09634812, -57.68540166, -56.70882445,
       -57.85289913, -55.43434296, -54.30553471, -52.89279014,
       -55.40511992, -53.70802502, -48.72441088, -55.72715961,
       -55.43006604, -55.77700873, -59.10168959, -55.5690765 ,
       -53.5150028 , -53.41050511]))
./audio/test/libre07_02.flac
(1296, 13)
('libre07', array([-57.56103463, -56.57517734, -55.18632484, -57.6288074 ,
       -64.51354582, -57.42327854, -59.40324691, -55.85687919,
       -59.06151166, -56.26466143, -55.13226864, -52.2522345 ,
       -56.02289351, -54.6045037 , -47.05746221, -56.01008392,
       -56.15528819, -56.96061577, -59.31888509, -56.63606846,
       -53.99886131, -54.7610606 ]))
./audio/test/libre07_03.flac
(711, 13)
('libre07', array([-57.86491156, -56.88256732, -55.42470504, -58.12525436,
       -63.42996361, -57.36373868, -59.81116513, -56.81167297,
       -60.24987558, -56.60775312, -54.84759731, -52.48210621,
       -56.17892642, -55.53391552, -48.5983799 , -56.90228854,
       -56.43629021, -57.43802008, -60.136549  , -57.15438455,
       -54.71125788, -55.44274805]))
./audio/test/libre07_04.flac
(1407, 13)
('libre07', array([-56.50353522, -56.38021611, -54.22656442, -56.39333407,
       -61.56861579, -54.97718677, -57.88405232, -54.30678516,
       -57.11897376, -55.3697871 , -53.86526795, -50.88439463,
       -54.817469  , -53.62203586, -47.46479528, -55.13371782,
       -55.08662697, -55.97331528, -57.72877924, -55.48539253,
       -53.10352604, -52.89409685]))
./audio/test/libre07_05.flac
(592, 13)
('libre07', array([-57.08856174, -56.16577369, -54.25306765, -56.61188406,
       -61.0728041 , -55.54737195, -57.11637833, -54.76454921,
       -57.0503636 , -54.32107264, -53.80652467, -50.09992749,
       -54.64596422, -52.7070958 , -45.30337589, -53.74521023,
       -54.28927237, -57.24065133, -55.46904562, -54.83368869,
       -52.74951611, -52.61392735]))
./audio/test/libre07_06.flac
(659, 13)
('libre07', array([-57.35756269, -55.42717094, -55.63428724, -56.37610832,
       -61.18649006, -55.83388996, -58.48225574, -54.85564976,
       -56.92341873, -53.97712885, -54.58693226, -51.18331197,
       -54.93856516, -53.55302573, -46.92904417, -54.65909489,
       -55.03581106, -56.95866051, -56.65061547, -55.74544235,
       -52.93431135, -53.44005907]))
./audio/test/libre07_07.flac
(920, 13)
('libre07', array([-57.12592229, -55.42621729, -55.03037806, -57.79238609,
       -65.26660643, -57.17121372, -60.50029023, -58.05776542,
       -59.3606826 , -56.69284928, -54.44545874, -53.20732863,
       -55.53107798, -55.43388059, -48.3076608 , -56.78726186,
       -55.57358217, -56.71654591, -58.57208569, -56.61673302,
       -54.08690868, -53.78717845]))
./audio/test/libre14_01.flac
(1400, 13)
('libre14', array([-54.70597143, -56.84738868, -53.98762458, -56.33111819,
       -62.80790832, -55.44295547, -57.61232256, -53.85908037,
       -58.40152773, -55.03619991, -50.97268492, -54.3149839 ,
       -53.19850197, -51.88982276, -51.81374769, -56.7514169 ,
       -53.44595257, -51.46580744, -57.7567556 , -55.06942752,
       -53.54578253, -48.33961647]))
./audio/test/libre14_02.flac
(239, 13)
('libre14', array([-51.71169582, -53.97153307, -49.74505291, -51.47373976,
       -55.64249259, -51.60286832, -52.03408571, -51.28629859,
       -54.11416383, -49.69692331, -48.13519626, -50.94390026,
       -47.37414957, -47.32160511, -49.01641442, -50.09623494,
       -49.27617535, -51.00172537, -54.55251727, -50.70526448,
       -48.99564406, -45.8295345 ]))
./audio/test/libre14_03.flac
(1142, 13)
('libre14', array([-53.06090642, -55.24050871, -51.13884689, -53.46004414,
       -59.43171264, -53.86788989, -55.06605465, -52.77721844,
       -55.77904649, -52.59026598, -49.57141277, -52.29095533,
       -50.57524815, -49.59562334, -49.86054938, -53.22522518,
       -51.54992315, -51.3294669 , -55.19101831, -52.71843871,
       -50.64831618, -46.76892596]))
./audio/test/libre14_04.flac
(1207, 13)
('libre14', array([-54.64397941, -57.27654437, -53.56691216, -56.14731407,
       -62.14201383, -54.21239942, -57.04624437, -53.48930282,
       -56.80603309, -55.27177379, -50.72023738, -53.68606496,
       -52.90128189, -50.64445704, -50.92293049, -56.47853657,
       -53.61019834, -51.83022884, -57.66000299, -54.42354944,
       -52.73944799, -47.4668475 ]))
./audio/test/imposter_174_01.flac
(1817, 13)
('libre09', array([-54.58826805, -56.98116169, -53.39526559, -53.00097283,
       -57.84720241, -54.924325  , -55.35404186, -54.63792522,
       -57.73390562, -53.70711344, -52.46788256, -53.11994122,
       -53.35145569, -51.46560231, -52.68222426, -53.6704103 ,
       -50.88274237, -54.93918103, -56.95158029, -51.26814088,
       -52.5720075 , -52.76264775]))
./audio/test/imposter_174_02.flac
(1411, 13)
('libre09', array([-54.80805127, -56.60100188, -53.07749932, -52.57199265,
       -57.29933235, -54.43084029, -54.8760728 , -53.98233   ,
       -56.84996161, -52.97373213, -52.32838563, -52.82790425,
       -52.33552681, -51.16655213, -52.12180322, -53.22493521,
       -50.55430461, -54.80798298, -56.16123279, -51.06747722,
       -52.11111455, -52.10507855]))
./audio/test/imposter_174_03.flac
(641, 13)
('libre12', array([-54.57670241, -56.73977083, -53.3741871 , -53.40253283,
       -58.17194192, -54.36871273, -55.11286043, -54.5211232 ,
       -58.02627675, -53.34786307, -53.05845109, -53.45040871,
       -52.25378013, -51.34969103, -52.89304359, -53.3289549 ,
       -50.98208607, -54.93287146, -58.39786358, -50.42478745,
       -53.21424068, -52.8849881 ]))
./audio/test/imposter_422_01.flac
(1346, 13)
('libre09', array([-52.73982884, -55.8860357 , -52.64911763, -53.00296852,
       -56.32988396, -55.52831515, -51.95015545, -52.88093152,
       -56.49288181, -52.63595665, -53.61023093, -52.31238184,
       -52.39040793, -51.83528085, -52.85670305, -52.72297446,
       -51.60712326, -53.61059538, -57.17847647, -52.52846475,
       -53.61912197, -54.26351889]))
./audio/test/imposter_422_02.flac
(1282, 13)
('libre09', array([-53.61403397, -56.3282848 , -52.87541459, -53.155157  ,
       -56.65917312, -56.30631834, -52.84566364, -54.71249823,
       -56.63090977, -52.95293872, -54.53681564, -52.40310513,
       -53.043831  , -52.91598562, -53.32187752, -52.49192179,
       -51.75594391, -54.82710755, -58.16912357, -52.91354472,
       -53.88044665, -55.67396953]))
./audio/test/imposter_422_03.flac
(4471, 13)
('libre09', array([-53.97897674, -57.57787862, -53.6950888 , -53.57087201,
       -57.9681353 , -56.10838051, -53.26994127, -54.38320307,
       -57.47651768, -52.9787556 , -55.11417119, -53.30342932,
       -54.28881639, -52.81150672, -53.37660087, -53.2947812 ,
       -52.53459032, -54.43601557, -59.73082446, -52.93897279,
       -54.01398163, -55.59617461]))
./audio/test/imposter_652_01.flac
(2079, 13)
('libre09', array([-54.77387602, -57.63189959, -54.42101329, -55.06973366,
       -61.23101972, -56.08549193, -55.79374485, -56.64531322,
       -58.41985157, -54.49356419, -54.79758558, -54.34755953,
       -55.10883435, -53.89693308, -54.46314637, -53.5253547 ,
       -52.77246929, -55.42783726, -60.34430959, -53.0732979 ,
       -54.67176744, -55.82046901]))
./audio/test/imposter_652_02.flac
(1021, 13)
('libre12', array([-53.96044579, -56.99598826, -54.18488297, -54.15627305,
       -62.62209679, -55.75165522, -54.61429236, -55.30627137,
       -57.78091388, -54.03668266, -54.48091816, -53.53829621,
       -54.69763715, -52.97972622, -53.59501894, -52.95379871,
       -53.0722361 , -54.49957077, -58.95055488, -52.37839417,
       -53.7274185 , -54.62911557]))
./audio/test/imposter_652_03.flac
(945, 13)
('libre09', array([-54.39277486, -56.77468054, -53.74135371, -54.22339574,
       -60.65533011, -55.70147072, -54.74992506, -56.37315195,
       -57.69730378, -53.7449753 , -54.28088672, -54.12972805,
       -54.54756926, -53.40199551, -54.22256754, -52.97353525,
       -52.44053219, -55.42385317, -58.98510862, -52.98643626,
       -54.13953322, -55.40185195]))
./audio/test/imposter_1462_01.flac
(327, 13)
('libre06', array([-50.95217232, -52.85921127, -50.96138795, -51.77054503,
       -52.93660271, -51.31562759, -50.92534191, -49.93815533,
       -52.83188908, -50.97463571, -50.42642946, -51.0173029 ,
       -49.38609228, -47.84598155, -49.92187575, -50.94437761,
       -51.04766878, -53.70903072, -52.74938224, -50.46007186,
       -48.74031232, -50.30570116]))
./audio/test/imposter_1462_02.flac
(920, 13)
('libre06', array([-52.77238073, -54.34170251, -51.62833918, -53.04933806,
       -54.85088446, -50.79642507, -50.79393403, -50.68497645,
       -54.31103217, -51.68051629, -51.56656547, -51.45805456,
       -51.72485723, -48.10479897, -50.74323255, -51.09152725,
       -52.15241157, -54.91146131, -55.60937425, -50.03329489,
       -50.13853579, -51.80464542]))
./audio/test/imposter_1462_03.flac
(632, 13)
('libre06', array([-52.1949945 , -52.42195296, -50.81486889, -51.95980345,
       -52.37066852, -50.37553927, -50.66716371, -50.2622017 ,
       -53.14842837, -49.98659258, -50.05180402, -50.91252644,
       -48.62194552, -47.51386184, -49.72919555, -50.47889017,
       -50.42155669, -54.0697592 , -51.04191413, -49.6880441 ,
       -48.56646166, -50.82469942]))
./audio/test/imposter_2035_01.flac
(823, 13)
('libre03', array([-53.2788346 , -57.29755208, -53.23758879, -53.6206531 ,
       -57.99289233, -55.69040193, -55.12291863, -52.25106684,
       -58.81989522, -54.08074004, -50.35646035, -53.58100762,
       -52.80072599, -50.57396454, -51.00441808, -54.0074706 ,
       -52.13345528, -51.39788047, -57.22619992, -53.20088374,
       -52.01390908, -51.03638226]))
./audio/test/imposter_2035_02.flac
(586, 13)
('libre03', array([-53.28274805, -56.397334  , -52.99203666, -52.21800299,
       -55.57921037, -54.92004657, -54.60315444, -51.40183282,
       -56.76015197, -52.63626631, -49.89424076, -52.43327412,
       -50.93404085, -50.03145817, -50.21767443, -53.36026086,
       -51.05387695, -51.19561157, -54.76391987, -52.13740048,
       -50.67891347, -50.49336609]))
./audio/test/imposter_2035_03.flac
(402, 13)
('libre06', array([-54.05045091, -57.56776951, -53.8705318 , -52.9893188 ,
       -56.78280462, -55.16380273, -55.02931407, -52.44534308,
       -57.94224847, -53.49445265, -51.6786446 , -53.06478903,
       -52.65630407, -50.86466579, -52.187102  , -54.45768582,
       -53.0178122 , -53.05650826, -56.70860919, -52.26832571,
       -51.81838255, -52.49352433]))
./audio/test/imposter_2078_01.flac
(2671, 13)
('libre13', array([-53.62890653, -56.68426664, -54.61286225, -53.99026291,
       -57.83095458, -53.66205939, -54.8738036 , -53.07240085,
       -55.34760616, -53.59330739, -53.73910433, -51.88850592,
       -53.2030813 , -51.54630158, -52.94367814, -54.13241291,
       -53.61145899, -54.15938781, -58.06570564, -52.01069114,
       -51.45127821, -53.06379518]))
./audio/test/imposter_2078_02.flac
(1825, 13)
('libre06', array([-53.63605349, -56.62323953, -54.6993374 , -54.13839075,
       -58.94458037, -53.43302832, -54.52687905, -53.20910867,
       -55.38804854, -53.66490388, -53.78921006, -52.21013592,
       -52.48630787, -51.8361827 , -53.14633887, -54.72315753,
       -53.76504201, -54.3943392 , -57.02182255, -52.29952013,
       -51.92903864, -52.97245288]))
./audio/test/imposter_6345_01.flac
(1041, 13)
('libre07', array([-58.52489199, -56.33999124, -55.49473065, -59.94945595,
       -63.37005272, -56.22078468, -60.99657193, -58.95733028,
       -58.68988268, -56.59258041, -53.61945339, -55.16224198,
       -55.29398567, -55.52609583, -51.68986543, -59.9006717 ,
       -57.91018538, -56.89394178, -58.14006058, -59.35265806,
       -55.31588893, -53.71538874]))
./audio/test/imposter_6345_02.flac
(609, 13)
('libre07', array([-58.61055792, -58.12380931, -56.52161958, -61.36938378,
       -67.29768739, -57.91413573, -62.06390502, -60.20314093,
       -61.91281995, -58.77160957, -53.70920428, -57.16357905,
       -56.58402502, -55.71942209, -52.93582019, -61.70685263,
       -58.28880389, -56.22726122, -61.21938774, -60.15204025,
       -57.15145441, -53.76996027]))
./audio/test/imposter_8297_01.flac
(384, 13)
('libre08', array([-54.70226745, -55.15892161, -54.0035273 , -53.70787647,
       -57.95483155, -54.66388964, -51.05887986, -54.56164931,
       -54.08176514, -50.75483922, -54.97202862, -48.25295232,
       -55.70588053, -51.85050405, -49.76437583, -47.97914862,
       -51.25581119, -58.66567421, -54.35430202, -50.59942862,
       -52.78467464, -55.09186901]))
./audio/test/imposter_8297_02.flac
(1930, 13)
('libre08', array([-54.32563016, -55.46975602, -53.62180219, -53.46594193,
       -58.23215574, -54.37709418, -53.64925394, -53.8553699 ,
       -55.5019521 , -52.60347049, -53.6734861 , -51.07409872,
       -53.41887804, -51.912161  , -51.7263756 , -50.89039926,
       -51.24958691, -55.70421663, -56.10429626, -51.15779477,
       -52.40144619, -53.79998304]))
Accuracy: 0.0
